28 9 139 -141
1 18 -243 -8
5 10 -200 -121
7 7 -167 -171
18 34 -6 228
10 33 -125 204
3 22 -220 48
35 18 241 -10
3 14 -222 -65
26 5 104 -190
5 26 -195 103
10 4 -120 -209
29 13 152 -80
9 10 -129 -122
7 14 -161 -70
13 25 -74 93
22 26 47 113
28 21 137 35
25 13 92 -76
31 17 179 -25
17 6 -26 -180
10 17 -122 -23
16 10 -40 -120
7 22 -160 43
12 21 -99 37
23 19 61 1
20 22 23 51
27 17 117 -22
12 13 -90 -75
14 18 -63 -12
16 22 -39 43
20 10 20 -115
21 15 36 -54
18 25 -13 99
17 14 -25 -60
18 18 -1 -4
24 23 83 60
30 25 168 88
12 29 -97 150
32 21 199 32
13 7 -83 -161
20 31 22 172
24 9 78 -135
26 26 113 113
34 14 222 -68
21 6 35 -177
6 18 -183 -13
26 34 114 216
16 29 -37 155
29 30 145 164
9 25 -134 98
7 29 -161 156
24 30 82 165
34 24 228 85
14 2 -62 -229
22 34 55 226
23 2 59 -232
18 2 -2 -235
14 33 -64 210
33 28 200 139
32 10 199 -125
